2;1;1;5;59057;117.847;27090.116
2;1;2;5;51374;102.707;23269.28
2;1;3;5;49747;99.442;22528.238
2;1;4;5;47670;95.311;21446.724
2;2;1;5;71991;143.851;32903.791
2;2;2;5;65090;130.171;29614.505
2;1;1;5;60067;120.097;27682.779
2;1;2;5;52374;104.529;23494.979
2;1;3;5;49135;98.232;22013.806
2;1;4;5;46240;92.448;20429.537
2;2;1;5;71335;142.614;33101.5
2;2;2;5;64337;128.665;29621.923
2;2;3;5;60227;120.439;27025.085
2;2;4;5;57047;114.065;25965.493
2;3;1;5;83785;167.516;38852.495
2;3;2;5;76299;152.562;35649.803
2;3;3;5;72540;145.046;33667.717
2;3;4;5;68030;136.047;31436.51
2;4;1;5;96244;192.449;45028.992
2;4;2;5;87409;174.48;40983.985
2;4;3;5;81799;163.444;37752.127
2;4;4;5;76620;153.21;36063.754
#------------------------------------------------------
3;1;1;5;86279;257.88;39847.084
3;1;2;5;73904;221.092;33832.728
3;1;3;5;68018;203.586;31280.9
3;1;4;5;64927;194.678;29947.285
3;2;1;5;95424;286.175;44477.324
#------------------------------------------------------
3;1;1;5;85125;254.755;39941.314
3;1;2;5;74657;223.616;34834.357
3;1;3;5;70041;209.69;32136.51
3;1;4;5;65486;196.152;30414.102
3;2;1;5;95723;286.304;44550.854
3;2;2;5;84888;254.599;40127.524
3;2;3;5;82111;246.083;38178.818
3;2;4;5;74888;224.244;35114.005
3;3;1;5;110179;329.863;51635.406
3;3;2;5;100194;300.279;47199.587
3;3;3;5;92443;276.64;43685.328
3;3;4;5;82053;246.017;38291.847
3;4;1;5;118853;355.853;56165.086
3;4;2;5;108209;323.988;51991.648
