3;1;1;5;46976;140.72;20852.461
3;1;2;5;28901;86.52;11845.775
2;1;1;5;40377;80.728;17628.302
2;1;2;5;27465;54.904;11224.906
2;1;3;5;27183;54.326;11037.809
2;1;4;5;27072;54.104;11038.834
2;2;1;5;45337;90.661;20092.131
2;2;2;5;30985;61.929;12973.49
2;1;1;1;64037;128.047;29435.083
2;1;1;2;52057;104.097;23340.756
2;1;1;3;39026;78.027;17040.359
2;1;2;1;35788;71.537;14847.014
2;1;2;2;29816;59.606;12353.276
2;1;2;3;28954;57.882;11980.769
2;1;3;1;29763;59.509;12349.181
2;1;3;2;27503;54.979;11245.918
2;1;3;3;27366;54.692;11146.786
2;2;1;1;76327;152.639;35465.909
2;2;1;2;57302;114.591;26051.022
2;2;1;3;48157;96.301;21476.027
2;2;2;1;37281;74.466;16118.009
2;2;2;2;33546;67.042;14246.701
2;2;2;3;32099;64.161;13484.861
2;2;3;1;31606;63.171;13273.18
2;2;3;2;29854;59.67;12382.675
2;2;3;3;30063;60.092;12528.173
2;3;1;1;88105;176.169;41309.624
2;3;1;2;65103;130.062;29919.502
2;3;1;3;53845;107.652;24265.238
2;3;2;1;42699;85.263;18833.495
2;3;2;2;36266;72.44;15630.454
2;3;2;3;34139;68.157;14560.77
2;3;3;1;34516;68.951;14759.37
2;3;3;2;32453;64.789;13663.116
2;3;3;3;32349;64.666;13682.965
2;4;1;1;100681;201.347;47568.238
2;4;1;2;75899;151.642;35270.28
2;4;1;3;63344;126.663;28987.153
2;4;2;1;49007;97.884;21973.427
2;4;2;3;37287;74.547;16062.04
2;1;1;1;64037;128.047;29435.083
2;1;1;2;52057;104.097;23340.756
2;1;1;3;39026;78.027;17040.359
2;1;2;1;33820;67.593;14217.937
2;1;2;2;29865;59.708;12430.371
2;1;2;3;28784;57.534;11869.644
2;1;3;1;29768;59.52;12332.038
2;1;3;2;27771;55.517;11334.635
2;1;3;3;27523;55.011;11218.643
2;2;1;1;76327;152.639;35465.909
2;2;1;2;57302;114.591;26051.022
2;2;1;3;48157;96.301;21476.027
2;2;2;1;37577;75.127;16247.773
2;2;2;2;33503;66.964;14232.303
2;2;2;3;32245;64.46;13590.215
2;2;3;1;31681;63.285714285714285;13331.412587412588
2;2;3;2;29928;59.818;12385.843
2;2;3;3;29843;59.646;12408.922
2;3;1;1;88105;176.169;41309.624
2;3;1;2;65103;130.062;29919.502
2;3;1;3;54543;109.051;24748.357
2;3;2;1;44694;89.348;19743.47
2;3;2;2;36127;72.14;15431.739
2;3;2;3;34193;68.304;14578.352
2;3;3;1;33980;67.913;14417.603
2;3;3;2;32546;65.011;13701.465
2;3;3;3;31971;63.902;13482.956
2;4;1;1;100681;201.347;47568.238
2;4;1;2;75899;151.642;35270.28
2;4;1;3;63344;126.663;28987.153
2;4;2;1;48453;96.771;21744.205
2;4;2;2;40540;81.064;17700.25
2;4;2;3;37204;74.364;16100.03
2;4;3;1;37024;73.922;15872.312
2;4;3;2;35494;70.958;15134.77
2;4;3;3;35168;70.321;15043.367
2;5;1;1;112775;225.433;53754.762
2;5;1;2;80904;161.797;37928.15
2;5;1;3;69790;139.549;32152.154
2;5;2;1;54544;108.927;24673.965
2;5;2;2;44608;89.171;19809.477
2;5;2;3;39896;79.675;17372.542
2;5;3;1;39650;79.287;17463.109
2;5;3;2;37285;74.522;16130.23
2;5;3;3;37277;74.527;16129.573
2;6;1;1;124013;247.949;59188.645
2;6;1;2;88333;176.587;41481.894
2;6;1;3;74432;148.815;34660.774
2;6;2;1;61058;121.978;27661.113
2;6;2;2;47253;94.353;21030.927
2;6;2;3;43447;86.867;19147.713
2;6;3;1;43143;86.125;19011.662
2;6;3;2;39849;79.656;17423.725
2;6;3;3;39840;79.662;17328.24
3;1;1;1;93730;280.62;43903.17
3;1;1;2;62290;186.552;28368.116
3;1;1;3;46910;140.504;20945.584
3;1;2;1;43267;129.608;19019.376
3;1;2;2;32782;98.309;13769.728
3;1;2;3;28779;86.268;11806.814
3;1;3;1;30989;92.794;13014.725
3;1;3;2;28007;83.942;11469.99
3;1;3;3;26229;78.642;10621.47
3;2;1;1;104026;311.434;48992.064
3;2;1;2;68087;203.969;31268.587
3;2;1;3;55169;165.197;24895.654
3;2;2;1;49398;147.86;22121.25
3;2;2;2;35964;107.7;15476.909
3;2;2;3;31499;94.266;13223.336
3;2;3;1;33546;100.468;14192.436
3;2;3;2;29703;88.928;12276.516
3;2;3;3;27798;83.315;11323.998
3;3;1;1;113496;340.064;53767.218
3;3;1;2;75073;224.899;34746.585
3;3;1;3;63529;190.281;29087.75
3;3;2;1;55562;166.297;25234.799
3;3;2;2;39829;119.31;17416.173
3;3;2;3;34240;102.451;14357.627
3;3;3;1;37434;112.166;16152.757
3;3;3;2;31765;95.094;13272.045
3;3;3;3;30199;90.493;12499.857
3;4;1;1;121303;363.263;57476.104
3;4;1;2;83889;251.293;39097.695
3;4;1;3;71231;213.295;32817.672
3;4;2;1;61564;184.112;28103.389
3;4;2;2;44055;131.967;19360.202
3;4;2;3;37080;111.16;15833.255
3;4;3;1;40120;120.089;17461.572
3;4;3;2;33889;101.431;14371.36
3;4;3;3;31430;94.248;13144.402
3;5;1;1;134417;402.655;64145.461
3;5;1;2;90627;271.509;42522.127
3;5;1;3;77351;231.635;35887.976
3;5;2;1;66598;199.519;30519.814
3;5;2;2;48312;144.756;21636.042
3;5;2;3;40513;121.357;17661.054
3;5;3;1;44121;132.142;19387.597
3;5;3;2;36128;108.295;15482.631
3;5;3;3;33482;100.353;14147.411
3;6;1;1;138824;415.498;66199.369
3;6;1;2;101087;302.731;47577.55
3;6;1;3;85775;256.843;40076.922
3;6;2;1;73095;218.993;33655.998
3;6;2;2;52357;156.868;23670.887
3;6;2;3;43921;131.45;19287.986
3;6;3;1;47598;142.615;21209.753
3;6;3;2;38757;116.036;16792.485
3;6;3;3;35379;105.885;15116.246
4;1;1;1;120543;480.742;56801.283
2;1;1;1;70899;141.701;32848.506
2;1;1;2;70899;141.701;32848.506
2;1;1;3;70899;141.701;32848.506
2;1;2;1;40925;81.689;17884.884
2;1;2;2;40925;81.689;17884.884
2;1;2;3;40925;81.689;17884.884
2;1;3;1;35318;70.606;15152.565
2;1;3;2;35608;71.181;15348.365
2;1;3;3;35483;70.862;15231.54
4;1;1;1;113570;453.024;53808.532
4;1;1;2;113570;453.024;53808.532
4;1;1;3;113570;453.024;53808.532
4;1;2;1;60193;240.259;27054.828
4;1;2;2;59183;236.242;26928.16
4;1;2;3;59447;237.353;27047.024
4;1;3;1;45353;181.103;19982.847
4;1;3;2;45789;182.607;20067.195
4;1;3;3;45924;183.458;20367.341
4;2;1;1;124520;496.914;59259.078
4;2;1;2;124520;496.914;59259.078
4;2;1;3;124520;496.914;59259.078
